'outputNb30sim_55_96'
'outputNb30sim_55_96'
55	! Number of offspring in the sample
85	! Number of loci
27	! Seed for random number generator
1	! 0/1=Not updating/updating allele frequency
2	! 2/1=Dioecious/Monoecious species
1	! 0/1=Inbreeding absent/present
0	! 0/1=Diploid species/HaploDiploid species
0  0	! 0/1=Polygamy/Monogamy for males & females
0 ! 0/1 = Clone inference = No/Yes
1 ! 0/1=Scale full sibship=No/Yes
0	! 0/1/2/3=No sibship prior/Weak sibship prior/Medium sibship prior/Strong sibship prior
0	! 0/1=Unknown/Known population allele frequency
10	! Number of runs
2	! 1/2/3/4 = Short/Medium/Long/VeryLong run
0	! 0/1=Monitor method by Iterate#/Time in second
10000	! Monitor interval in Iterate# / in seconds
0	! 0/1=DOS/Windows version
1	! 0/1/2=Pair-Likelihood-Score(PLS)/Full-Likelihood(FL)/FL-PLS-combined(FPLS) method
2	! 0/1/2/3=Low/Medium/High/VeryHigh precision

Actm177i1,Actm177i4,Actm177i3,Actm177i2,Atr1101i1,Atr1101i2,Atr1101i4,Atr1101i3,Actm2i5,Actm2i2,Actm2i4,Actm2i3,Actm53i5,Actm53i2,Actm53i4,Actm53i3,Atr105i5,Atr105i2,Atr105i4,Atr105i3,Actm110i8,Actm110i9,Actm110i3,Actm110i5,Actm110i2,Actm110i4,Actm110i7,Actm110i6,As015i3,As015i5,As015i4,As015i2,As015i6,Actm35i3,Actm35i5,Actm35i2,Actm35i4,Actm35i7,Actm35i6,Atr109i8,Atr109i9,Atr109i3,Atr109i5,Atr109i10,Atr109i11,Atr109i13,Atr109i12,Atr109i2,Atr109i4,Atr109i14,Atr109i7,Atr109i6,Atr117i8,Atr117i9,Atr117i3,Atr117i5,Atr117i2,Atr117i4,Atr117i7,Atr117i6,Actm52i8,Actm52i9,Actm52i3,Actm52i5,Actm52i10,Actm52i11,Actm52i2,Actm52i4,Actm52i7,Actm52i6,Atr107i8,Atr107i9,Atr107i3,Atr107i5,Atr107i2,Atr107i4,Atr107i7,Atr107i6,Atr1173i8,Atr1173i3,Atr1173i5,Atr1173i4,Atr1173i2,Atr1173i7,Atr1173i6
1,1,1,1,1,1,1,1,1,1,1,1,1,1,1,1,1,1,1,1,1,1,1,1,1,1,1,1,1,1,1,1,1,1,1,1,1,1,1,1,1,1,1,1,1,1,1,1,1,1,1,1,1,1,1,1,1,1,1,1,1,1,1,1,1,1,1,1,1,1,1,1,1,1,1,1,1,1,1,1,1,1,1,1,1
0.009,0.009,0.009,0.009,0.018,0.018,0.018,0.018,0.004,0.004,0.004,0.004,0.009,0.009,0.009,0.009,0.00001,0.00001,0.00001,0.00001,0.017,0.017,0.017,0.017,0.017,0.017,0.017,0.017,0.009,0.009,0.009,0.009,0.009,0.014,0.014,0.014,0.014,0.014,0.014,0.009,0.009,0.009,0.009,0.009,0.009,0.009,0.009,0.009,0.009,0.009,0.009,0.009,0.00001,0.00001,0.00001,0.00001,0.00001,0.00001,0.00001,0.00001,0.036,0.036,0.036,0.036,0.036,0.036,0.036,0.036,0.036,0.036,0.007,0.007,0.007,0.007,0.007,0.007,0.007,0.007,0.00001,0.00001,0.00001,0.00001,0.00001,0.00001,0.00001
0.04,0.04,0.04,0.04,0.04,0.04,0.04,0.04,0.04,0.04,0.04,0.04,0.04,0.04,0.04,0.04,0.04,0.04,0.04,0.04,0.04,0.04,0.04,0.04,0.04,0.04,0.04,0.04,0.04,0.04,0.04,0.04,0.04,0.04,0.04,0.04,0.04,0.04,0.04,0.04,0.04,0.04,0.04,0.04,0.04,0.04,0.04,0.04,0.04,0.04,0.04,0.04,0.04,0.04,0.04,0.04,0.04,0.04,0.04,0.04,0.04,0.04,0.04,0.04,0.04,0.04,0.04,0.04,0.04,0.04,0.04,0.04,0.04,0.04,0.04,0.04,0.04,0.04,0.04,0.04,0.04,0.04,0.04,0.04,0.04

42x43-1 1 1 2 2 2 1 2 2 2 1 1 2 1 1 2 2 2 1 2 2 2 2 1 1 1 2 2 2 2 1 1 1 1 2 2 1 1 2 2 2 2 2 2 2 2 2 1 1 2 2 2 2 2 2 1 2 1 1 2 2 2 1 1 1 1 2 1 2 2 1 1 2 2 1 1 2 1 2 2 1 2 1 1 1 1
42x43-2 1 1 2 2 2 1 2 2 2 1 1 2 2 1 1 2 2 1 1 2 2 2 2 1 1 2 1 2 2 1 1 1 1 2 1 1 1 2 2 2 2 2 1 1 2 2 2 1 1 2 2 2 2 2 1 2 1 1 2 2 2 1 1 1 1 2 1 2 2 2 1 2 2 1 1 1 1 2 2 1 2 1 1 2 1
42x43-3 1 1 2 1 2 1 2 2 2 1 1 1 1 1 2 2 2 1 2 1 2 2 2 1 1 2 2 2 1 2 1 1 2 1 2 1 1 2 1 2 2 1 2 2 2 2 2 1 1 2 2 2 2 2 1 2 1 1 2 2 2 1 1 1 2 2 1 1 2 1 2 2 2 1 1 1 1 2 2 1 2 1 1 2 1
6x43-4 2 1 2 1 1 1 2 2 2 1 2 1 2 1 2 2 2 1 2 2 2 2 2 2 1 2 2 2 1 2 1 1 2 1 1 1 1 2 2 2 2 2 1 2 2 2 2 1 2 2 2 2 2 2 1 2 1 1 2 2 2 2 2 1 1 2 1 2 1 2 2 2 2 2 1 1 2 1 2 2 2 2 1 2 2
10x65-5 1 2 2 2 2 1 2 1 1 2 1 2 1 1 1 2 2 2 1 1 2 2 1 2 1 2 2 2 1 2 1 1 2 2 1 2 1 2 2 2 2 1 2 2 2 2 2 1 1 2 2 2 2 1 2 2 1 1 1 1 2 2 1 2 2 2 1 1 2 2 2 2 2 2 1 1 1 2 2 1 2 1 1 1 2
10x65-6 1 2 2 1 2 1 2 2 1 1 1 2 2 1 2 2 2 2 1 1 2 2 2 1 1 2 2 2 1 2 1 1 2 2 1 1 1 2 1 2 2 2 2 2 2 2 2 1 2 2 1 1 2 1 1 2 1 2 1 1 2 2 1 2 2 2 1 1 2 1 2 2 1 2 1 1 1 2 2 1 2 1 1 1 2
31x6-7 1 2 2 1 2 1 2 1 2 1 1 2 2 1 2 1 2 1 1 1 2 2 2 2 1 2 1 1 2 1 1 1 2 1 1 1 1 2 1 1 2 2 2 1 2 1 2 1 2 2 2 2 2 1 1 2 1 1 2 1 2 2 2 1 2 2 1 2 1 2 2 2 2 1 1 2 1 1 2 2 1 1 1 2 1
31x6-8 1 1 2 2 1 1 2 2 2 1 1 2 2 1 2 1 2 1 2 1 2 2 2 2 1 2 1 2 1 1 2 1 1 2 1 1 1 2 1 1 2 1 1 1 2 2 2 1 2 2 1 2 2 2 2 2 1 1 2 1 1 2 1 1 2 2 1 1 2 2 2 2 2 1 1 2 1 1 2 1 2 1 1 2 1
31x6-9 2 1 2 1 2 1 2 2 2 1 1 2 2 1 2 2 2 1 2 1 2 2 2 2 1 2 1 2 1 2 1 1 2 1 1 1 2 1 1 2 2 2 1 2 2 2 2 1 2 2 1 2 2 1 2 2 1 1 2 1 2 2 1 2 2 2 1 2 1 1 2 2 2 1 1 2 1 1 2 2 2 1 1 2 2
9x58-10 1 1 2 2 2 1 2 1 2 1 1 2 1 1 2 2 2 1 1 2 2 2 1 1 1 2 2 1 1 1 1 1 2 2 2 2 2 1 1 2 2 2 2 2 2 2 2 1 2 2 2 2 2 2 1 2 1 1 1 2 2 2 1 2 2 2 1 1 2 2 1 2 2 2 1 2 2 2 2 1 2 1 1 1 2
9x58-11 2 1 2 1 2 1 2 1 2 2 1 2 2 1 1 2 2 1 1 2 2 2 1 1 1 2 1 1 2 1 1 1 2 2 2 1 2 1 1 2 2 2 2 1 2 2 2 1 2 2 1 2 2 2 1 2 1 1 2 1 2 2 1 2 2 1 1 2 2 2 1 2 2 2 1 1 1 2 2 1 2 2 1 1 1
2x34-12 1 1 2 2 2 1 2 2 2 1 2 1 2 1 2 2 2 1 1 2 2 2 2 2 1 2 2 2 1 1 1 1 2 2 1 1 1 2 1 2 2 2 1 1 2 2 2 1 2 2 2 1 2 2 2 2 1 1 2 2 2 2 1 2 2 2 1 2 2 1 2 2 2 1 1 1 1 2 2 1 1 1 1 2 1
2x34-13 1 2 2 1 2 1 2 2 2 1 2 1 1 1 2 2 2 1 2 2 2 1 2 2 1 2 1 2 1 1 1 1 2 2 2 1 2 2 1 2 2 1 1 1 2 2 1 1 1 2 2 2 2 2 1 1 1 2 1 1 2 2 2 2 2 2 1 1 2 2 2 2 2 1 1 1 1 2 2 2 1 2 1 2 1
33x53-14 2 1 2 2 2 1 2 2 2 1 1 2 2 1 1 1 2 2 1 1 2 2 1 1 1 2 2 1 2 1 2 1 1 1 2 1 2 1 1 2 2 2 1 1 2 2 2 1 2 2 1 2 2 2 2 1 1 2 1 2 2 2 2 1 2 2 1 2 2 1 2 2 2 1 1 2 2 1 2 2 1 2 1 2 2
33x53-15 1 1 2 1 2 1 2 2 2 1 1 2 2 1 1 1 2 1 1 1 2 2 1 1 1 2 2 2 1 2 1 1 2 2 1 1 2 1 1 1 2 2 2 1 2 2 2 1 2 2 2 2 2 2 1 2 1 1 1 2 2 2 1 1 2 2 1 1 2 2 2 2 2 1 1 2 2 1 2 2 1 1 1 2 2
5x50-16 1 1 2 1 2 1 2 2 1 2 2 1 2 1 1 1 2 1 1 1 2 2 2 1 1 1 2 2 1 2 2 1 2 2 2 1 2 1 1 1 1 1 2 2 2 2 2 1 1 2 2 2 2 2 2 2 1 1 1 1 1 2 1 1 2 2 1 1 2 2 2 2 2 1 1 2 1 2 2 1 2 2 1 2 2
5x50-17 1 1 2 2 1 1 2 2 1 1 2 1 2 1 1 1 2 1 1 1 2 2 2 1 1 1 2 2 1 2 2 1 2 2 1 1 1 1 1 1 2 1 1 2 2 2 1 1 1 2 2 2 2 2 1 2 1 1 1 2 1 2 2 1 2 2 1 1 2 2 1 2 1 1 1 2 2 2 2 1 2 2 1 2 2
46x23-18 1 2 2 1 2 1 2 2 1 1 1 1 2 1 2 2 2 2 1 1 2 1 1 1 1 2 2 1 2 2 2 1 2 1 1 1 1 2 1 2 1 1 1 2 2 2 2 1 2 2 2 1 2 2 2 2 1 2 2 1 2 2 2 2 2 1 1 2 2 2 2 2 2 1 1 2 2 2 2 2 2 1 1 1 2
46x23-19 2 1 2 1 2 1 2 2 1 2 1 1 2 1 2 2 2 1 1 1 1 2 1 1 1 2 2 2 1 2 1 1 2 2 1 2 1 2 1 2 1 1 1 2 2 2 1 1 2 2 2 2 2 2 2 2 1 1 1 1 2 2 1 2 2 2 1 1 2 2 2 2 2 1 1 2 1 1 2 1 2 2 1 1 2
46x23-20 1 1 2 1 2 1 2 1 1 1 1 2 2 1 2 2 2 1 2 1 2 2 1 2 1 1 2 2 1 2 1 1 2 2 1 1 1 2 1 2 2 1 1 2 2 2 1 1 2 2 2 1 2 2 1 2 1 2 2 1 1 2 1 2 2 1 1 1 2 2 2 2 2 1 1 1 1 2 2 2 1 1 1 1 2
46x23-21 1 1 2 2 2 1 2 2 1 2 2 1 2 1 2 1 2 1 1 2 2 2 1 1 1 1 2 2 1 2 1 1 2 1 1 1 1 2 1 2 1 1 2 2 2 2 2 1 2 2 2 1 2 2 1 2 1 1 1 1 2 2 1 2 2 2 1 1 1 2 2 2 2 1 1 1 1 1 2 1 2 1 1 1 2
13x26-22 1 1 1 1 2 1 2 2 2 1 1 2 1 2 1 1 2 1 1 2 2 2 2 1 1 2 2 2 2 2 1 1 2 2 1 1 2 1 1 2 1 2 1 2 2 1 2 1 2 2 2 2 2 2 1 2 1 2 2 2 2 2 2 2 2 2 1 1 2 2 2 2 1 2 1 2 1 1 2 2 2 1 1 1 2
13x26-23 1 1 2 2 2 1 2 2 2 1 1 1 2 1 1 1 2 1 1 2 2 2 2 1 1 2 2 1 2 2 1 1 1 2 1 2 2 2 1 2 1 1 2 2 2 2 2 1 2 1 2 1 2 2 1 2 1 1 2 2 2 2 1 1 2 2 1 1 2 2 2 2 1 2 1 1 2 1 2 2 2 1 1 1 2
13x26-24 1 1 1 2 2 1 2 2 2 1 1 1 2 1 1 2 2 1 1 2 2 2 2 1 1 2 2 1 2 2 1 1 2 2 1 2 2 2 1 1 1 2 1 2 2 1 2 1 2 2 2 2 2 2 1 2 1 1 2 2 2 2 1 1 2 2 1 1 2 2 2 2 1 2 1 1 2 1 2 1 2 1 1 1 1
13x26-25 1 1 2 1 2 1 2 2 2 2 1 2 2 1 1 1 2 1 1 2 2 2 1 1 1 2 1 1 1 2 1 1 2 1 1 1 2 2 1 2 1 2 2 2 2 1 2 1 2 1 2 2 2 2 2 2 1 1 2 2 2 2 1 1 2 2 1 1 2 2 2 2 1 1 1 2 1 1 2 1 2 1 1 1 1
13x26-26 1 1 1 2 2 1 2 2 2 1 1 1 2 1 2 1 2 1 1 2 2 2 2 1 1 2 1 1 1 2 1 1 2 2 1 1 2 2 1 2 1 2 2 2 2 2 2 1 2 2 2 1 2 2 1 2 1 1 2 2 2 2 1 1 2 2 1 1 2 2 2 2 1 2 1 1 1 1 2 1 2 1 1 1 2
13x26-27 2 1 1 1 2 1 2 2 2 1 1 2 2 1 1 1 2 1 1 2 2 1 1 1 1 2 1 1 2 2 1 1 1 2 1 1 2 2 1 2 1 2 1 2 2 1 2 1 2 1 2 2 2 2 1 2 1 1 2 2 2 2 1 1 2 2 1 1 2 2 2 2 1 1 1 1 2 1 2 1 2 1 1 1 2
13x26-28 1 1 1 1 2 1 2 2 2 2 1 1 1 1 1 1 2 1 1 2 2 1 1 1 1 2 1 1 1 2 1 1 2 2 1 1 2 1 1 1 1 2 1 2 2 1 2 1 2 2 2 2 2 2 1 2 1 2 2 2 2 2 1 2 2 2 1 1 2 2 2 2 1 1 1 2 1 1 2 1 2 1 1 2 1
13x26-29 1 2 2 1 2 1 2 2 2 1 1 1 2 1 1 1 2 2 1 2 2 1 2 2 1 2 1 1 1 2 1 1 1 2 1 1 2 1 1 1 1 2 2 2 2 2 2 1 2 2 2 2 2 2 1 2 1 1 2 2 2 2 1 2 2 2 1 1 2 2 2 2 2 1 2 1 1 1 2 1 2 1 1 1 1
13x26-30 1 2 2 1 2 1 2 2 2 1 1 2 2 1 1 1 2 2 1 2 2 1 1 1 1 2 2 1 2 2 1 1 2 1 1 1 2 2 1 2 1 2 2 2 2 1 2 1 2 1 2 2 2 2 1 2 1 1 2 2 2 2 1 1 2 2 1 1 2 2 2 2 1 2 1 2 2 1 2 1 2 1 1 1 2
15x38-31 1 2 2 2 2 1 2 2 2 1 1 2 2 1 2 2 2 2 1 1 1 1 2 2 1 2 2 2 2 2 1 1 1 2 1 1 2 2 1 1 2 1 1 2 2 2 2 1 1 2 2 2 2 2 2 1 1 1 2 1 1 2 2 2 2 2 1 1 2 1 2 2 2 1 1 2 1 1 2 2 2 1 1 1 1
15x38-32 1 2 1 2 2 1 2 2 2 1 1 2 2 1 2 2 2 1 1 1 1 1 1 2 1 2 1 2 2 1 1 1 1 2 2 1 2 2 1 2 2 1 2 1 2 2 2 1 2 2 2 2 2 1 2 2 1 1 1 2 1 2 2 1 2 2 1 1 2 1 2 2 2 2 1 2 2 1 2 2 2 1 1 2 1
3x45-33 1 1 2 1 2 1 2 1 2 1 1 2 1 1 1 1 2 1 2 1 2 1 1 1 1 2 1 2 1 1 2 1 1 1 1 1 1 2 1 2 2 2 2 2 2 2 2 1 1 1 2 2 2 2 2 1 1 1 1 1 2 2 1 2 2 2 1 2 1 2 1 2 2 2 1 1 2 1 2 1 2 2 1 2 1
3x45-34 1 1 2 2 1 1 2 1 2 1 1 1 1 1 1 2 2 1 2 1 2 2 1 1 1 1 1 2 1 2 1 1 1 2 1 1 1 2 1 2 2 2 2 2 2 2 1 1 1 2 2 2 2 2 1 2 1 2 1 1 2 2 1 2 2 2 1 2 2 2 1 1 2 1 1 2 2 1 2 1 2 1 1 1 1
4x36-35 1 1 2 1 2 1 2 2 2 1 2 1 2 1 1 2 2 1 1 2 2 2 1 2 1 1 2 2 2 1 1 1 1 2 1 1 2 2 2 2 1 2 2 2 2 2 2 1 2 2 2 2 2 2 2 2 1 2 2 1 1 2 1 2 2 2 1 1 2 2 2 2 2 2 1 1 2 2 2 1 2 1 1 1 2
4x36-36 1 2 2 1 2 1 2 2 2 1 1 2 2 1 1 2 2 1 1 2 2 2 1 1 1 1 1 1 1 1 1 1 1 2 2 1 2 2 1 2 2 1 2 2 2 2 2 1 2 2 2 2 1 2 1 2 1 2 2 2 2 2 1 2 2 2 1 1 2 2 2 2 2 1 1 1 2 1 2 2 2 1 1 2 2
4x36-37 1 1 2 2 2 1 2 2 2 2 1 1 2 1 1 2 2 1 1 1 2 2 2 1 1 2 1 2 2 1 1 1 1 1 1 1 2 2 2 2 2 1 2 2 2 2 2 1 2 2 2 2 2 2 1 2 1 2 2 1 1 2 2 2 2 2 1 1 2 2 2 2 2 2 1 1 2 1 2 1 2 1 1 1 2
8x7-38 1 1 2 1 2 1 2 2 1 1 2 2 1 2 2 1 1 1 1 2 2 2 1 2 1 2 2 2 1 2 2 1 2 2 2 2 1 1 1 2 1 2 2 2 2 2 2 1 2 2 1 2 2 2 2 2 1 1 2 2 2 1 1 1 2 2 1 1 2 1 2 2 1 1 1 2 1 1 2 1 2 2 1 1 1
8x7-39 1 1 2 2 1 1 2 2 1 1 1 2 1 1 2 2 2 2 1 2 2 2 2 1 1 2 1 2 1 2 1 1 2 2 2 1 1 1 1 2 1 2 1 2 2 2 2 1 2 2 1 2 2 1 2 2 1 1 2 2 1 1 2 2 2 2 1 2 2 1 2 2 2 1 1 1 1 1 2 1 2 1 1 2 2
8x7-40 1 1 2 2 2 1 2 2 1 1 1 2 2 1 1 1 2 1 1 2 2 2 1 2 1 2 2 2 1 2 1 1 2 2 2 2 1 1 1 2 1 1 1 2 2 2 1 1 2 2 1 2 2 2 2 2 1 1 2 2 1 1 1 1 2 2 1 2 2 2 2 2 1 1 1 2 1 1 2 1 2 1 1 2 1
8x7-41 1 1 2 1 2 1 2 1 1 2 1 1 1 1 1 2 2 1 1 2 2 2 2 1 1 2 2 2 1 2 1 1 2 2 1 1 2 1 1 2 2 2 2 2 2 2 1 1 2 2 1 2 2 2 1 2 1 2 2 1 1 1 1 1 2 2 1 1 2 1 2 2 1 2 1 2 1 1 2 1 1 2 1 2 2
27x26-42 1 2 2 1 2 1 2 2 2 1 1 2 2 1 2 1 2 1 1 2 2 1 2 2 1 2 2 1 1 1 1 1 2 2 1 1 2 2 1 2 1 2 2 2 2 2 2 1 2 2 2 2 2 2 2 2 1 1 2 1 2 2 1 1 1 2 1 1 2 2 2 2 1 1 1 2 1 1 2 2 2 1 1 1 1
27x26-43 1 1 2 1 2 1 2 2 2 1 1 2 2 1 2 2 2 1 1 2 2 1 1 1 1 2 2 1 2 1 1 1 2 2 1 1 1 2 1 2 2 1 2 2 2 2 2 1 2 2 2 2 2 2 2 2 1 1 2 1 2 2 1 2 1 2 1 1 2 2 2 2 1 1 2 2 2 1 2 2 2 1 1 2 2
27x26-44 1 2 2 1 2 1 2 2 2 1 1 2 2 1 1 2 2 1 1 1 1 1 1 2 1 2 2 1 1 1 1 1 2 1 1 1 2 2 1 2 1 2 2 2 2 2 2 1 2 2 2 2 2 2 1 2 1 2 2 1 2 2 1 2 2 2 1 1 2 2 2 2 1 2 1 2 1 1 2 2 2 1 1 1 2
27x26-45 1 1 2 1 2 1 2 2 2 1 1 2 2 1 1 1 2 1 1 1 1 2 1 2 1 2 2 1 1 1 2 1 2 2 1 1 1 2 1 2 1 1 2 2 2 2 2 1 2 2 2 2 2 2 1 2 1 1 2 2 2 2 1 2 2 2 1 1 2 2 2 2 1 1 1 2 2 1 2 2 2 2 1 1 1
46x63-46 1 1 2 1 2 1 2 1 2 2 1 1 2 1 2 1 2 1 2 1 2 2 2 1 1 2 1 1 1 2 1 1 2 2 1 1 1 2 1 2 2 1 2 2 2 1 2 1 2 2 2 1 2 2 2 2 1 2 1 1 2 2 1 2 2 2 1 1 1 2 2 2 2 1 1 1 2 2 2 1 2 1 1 2 2
46x63-47 1 1 2 1 2 1 2 1 2 1 1 1 2 1 2 1 2 1 1 1 2 2 1 1 1 2 2 2 1 2 1 1 2 2 2 1 1 2 1 2 2 2 2 2 2 1 2 1 2 2 2 2 2 2 1 2 1 2 1 2 2 2 1 2 2 2 1 2 2 2 2 2 2 1 1 1 2 1 2 2 2 2 1 1 2
46x63-48 1 2 2 1 2 1 2 2 2 1 1 1 2 1 2 1 2 1 2 1 1 1 2 2 1 2 2 1 1 2 1 1 2 2 1 1 1 2 1 1 2 2 2 2 2 2 2 1 2 2 2 2 2 1 2 2 1 2 2 1 2 2 1 2 2 2 1 1 1 2 2 2 2 1 1 2 2 1 2 2 2 2 1 1 2
46x63-49 1 1 2 1 2 1 1 1 2 1 1 1 2 1 2 1 2 1 2 1 1 2 1 1 1 2 1 1 1 2 1 1 2 2 1 1 1 2 2 2 2 1 2 2 2 1 2 1 2 2 2 2 2 2 1 2 1 2 2 1 2 2 1 2 2 2 1 1 2 2 2 2 2 1 1 1 2 2 2 2 1 1 1 2 1
31x40-50 1 1 2 1 2 1 2 1 2 1 1 2 1 1 1 1 2 1 1 1 2 2 1 1 1 2 1 1 2 1 1 1 2 2 2 1 1 2 1 1 2 1 2 2 2 2 2 1 2 2 1 2 2 1 2 2 1 1 2 1 2 2 1 2 2 2 1 1 2 1 2 2 2 1 1 1 1 1 2 2 2 1 1 1 1
31x40-51 1 1 2 1 2 1 2 1 2 1 1 2 1 1 2 2 2 1 1 2 2 2 2 1 1 2 1 1 1 2 1 1 2 2 1 1 1 1 1 2 2 1 2 2 2 2 2 1 2 2 2 2 2 1 1 2 1 2 2 2 2 2 1 2 2 2 1 2 2 1 2 2 2 1 1 2 2 1 2 2 2 1 1 2 1
31x40-52 1 1 2 1 2 1 2 2 2 2 1 2 1 1 2 2 2 1 1 2 2 2 1 2 1 2 1 2 1 2 1 1 2 2 1 1 2 1 1 1 2 2 2 1 2 2 2 1 2 2 1 2 2 2 1 2 1 1 2 1 2 2 1 2 1 2 1 1 2 1 2 2 2 1 1 2 1 1 2 2 2 1 1 1 1
31x40-53 1 2 2 1 2 1 2 2 2 1 1 2 1 1 1 2 2 1 1 2 2 2 1 2 1 2 2 1 1 1 1 1 2 2 1 1 1 2 1 1 2 1 2 1 2 1 2 1 2 2 2 2 2 2 1 2 1 2 2 1 2 2 2 2 1 2 1 1 2 1 2 2 2 1 1 2 2 1 2 2 2 1 1 1 1
30x27-54 1 2 2 1 2 1 2 1 2 1 1 2 2 1 1 2 2 2 2 1 2 2 1 1 1 2 2 1 1 1 2 1 2 2 1 1 2 2 1 1 2 2 2 2 2 2 2 1 1 2 2 2 2 2 1 2 1 2 2 1 2 2 1 2 1 2 1 1 2 2 2 2 2 2 1 2 1 1 2 2 2 2 1 2 2
30x27-55 1 1 2 1 2 1 2 1 2 1 1 2 2 1 1 2 2 1 1 1 1 2 2 2 1 2 1 2 2 1 2 1 2 2 1 1 1 2 1 2 2 1 2 1 2 2 1 1 2 2 2 2 2 2 1 2 1 2 2 2 2 2 2 2 1 2 1 1 2 2 2 2 2 2 1 1 1 1 2 2 1 2 1 2 2

0.0  0.0
0  0


0  0

0  0

0

0

0

0

0

0


!____________NOTE____________!

Input file outputNb30sim_55_96.dat generated by sampling_offspring.r code written by MA on 8/27/14, modified by MT 3/1/18
Generated by Matt on 2018-03-06 10:15:13
