'outputNb50sim_55_37'
'outputNb50sim_55_37'
55	! Number of offspring in the sample
98	! Number of loci
71708	! Seed for random number generator
1	! 0/1=Not updating/updating allele frequency
2	! 2/1=Dioecious/Monoecious species
1	! 0/1=Inbreeding absent/present
0	! 0/1=Diploid species/HaploDiploid species
0  0	! 0/1=Polygamy/Monogamy for males & females
0 ! 0/1 = Clone inference = No/Yes
1 ! 0/1=Scale full sibship=No/Yes
0	! 0/1/2/3=No sibship prior/Weak sibship prior/Medium sibship prior/Strong sibship prior
0	! 0/1=Unknown/Known population allele frequency
10	! Number of runs
2	! 1/2/3/4 = Short/Medium/Long/VeryLong run
0	! 0/1=Monitor method by Iterate#/Time in second
10000	! Monitor interval in Iterate# / in seconds
0	! 0/1=DOS/Windows version
1	! 0/1/2=Pair-Likelihood-Score(PLS)/Full-Likelihood(FL)/FL-PLS-combined(FPLS) method
2	! 0/1/2/3=Low/Medium/High/VeryHigh precision

Actm177i5,Actm177i3,Actm177i2,Actm177i1,Actm177i4,Atr1101i3,Atr1101i1,Atr1101i4,Atr1101i2,Actm2i5,Actm2i3,Actm2i2,Actm2i1,Actm2i4,Actm53i5,Actm53i3,Actm53i2,Actm53i6,Actm53i1,Actm53i4,Atr105i5,Atr105i3,Atr105i2,Atr105i1,Atr105i4,Actm110i8,Actm110i5,Actm110i3,Actm110i2,Actm110i9,Actm110i6,Actm110i7,Actm110i1,Actm110i4,As015i5,As015i3,As015i2,As015i6,As015i1,As015i4,Actm35i8,Actm35i5,Actm35i3,Actm35i2,Actm35i6,Actm35i7,Actm35i1,Actm35i4,Atr109i14,Atr109i12,Atr109i8,Atr109i11,Atr109i10,Atr109i5,Atr109i3,Atr109i13,Atr109i2,Atr109i9,Atr109i6,Atr109i7,Atr109i1,Atr109i4,Atr117i8,Atr117i5,Atr117i3,Atr117i2,Atr117i9,Atr117i6,Atr117i7,Atr117i1,Atr117i4,Actm52i8,Actm52i11,Actm52i10,Actm52i5,Actm52i3,Actm52i2,Actm52i9,Actm52i6,Actm52i7,Actm52i1,Actm52i4,Atr107i8,Atr107i5,Atr107i3,Atr107i2,Atr107i9,Atr107i6,Atr107i7,Atr107i1,Atr107i4,Atr1173i5,Atr1173i3,Atr1173i2,Atr1173i6,Atr1173i7,Atr1173i1,Atr1173i4
1,1,1,1,1,1,1,1,1,1,1,1,1,1,1,1,1,1,1,1,1,1,1,1,1,1,1,1,1,1,1,1,1,1,1,1,1,1,1,1,1,1,1,1,1,1,1,1,1,1,1,1,1,1,1,1,1,1,1,1,1,1,1,1,1,1,1,1,1,1,1,1,1,1,1,1,1,1,1,1,1,1,1,1,1,1,1,1,1,1,1,1,1,1,1,1,1,1
0.009,0.009,0.009,0.009,0.009,0.018,0.018,0.018,0.018,0.004,0.004,0.004,0.004,0.004,0.009,0.009,0.009,0.009,0.009,0.009,0.00001,0.00001,0.00001,0.00001,0.00001,0.017,0.017,0.017,0.017,0.017,0.017,0.017,0.009,0.009,0.009,0.009,0.009,0.009,0.009,0.009,0.014,0.014,0.014,0.014,0.014,0.014,0.014,0.014,0.009,0.009,0.009,0.009,0.009,0.009,0.009,0.009,0.009,0.009,0.009,0.009,0.009,0.009,0.00001,0.00001,0.00001,0.00001,0.00001,0.00001,0.00001,0.00001,0.00001,0.036,0.036,0.036,0.036,0.036,0.036,0.036,0.036,0.036,0.036,0.036,0.007,0.007,0.007,0.007,0.007,0.007,0.007,0.007,0.007,0.00001,0.00001,0.00001,0.00001,0.00001,0.00001,0.00001
0.04,0.04,0.04,0.04,0.04,0.04,0.04,0.04,0.04,0.04,0.04,0.04,0.04,0.04,0.04,0.04,0.04,0.04,0.04,0.04,0.04,0.04,0.04,0.04,0.04,0.04,0.04,0.04,0.04,0.04,0.04,0.04,0.04,0.04,0.04,0.04,0.04,0.04,0.04,0.04,0.04,0.04,0.04,0.04,0.04,0.04,0.04,0.04,0.04,0.04,0.04,0.04,0.04,0.04,0.04,0.04,0.04,0.04,0.04,0.04,0.04,0.04,0.04,0.04,0.04,0.04,0.04,0.04,0.04,0.04,0.04,0.04,0.04,0.04,0.04,0.04,0.04,0.04,0.04,0.04,0.04,0.04,0.04,0.04,0.04,0.04,0.04,0.04,0.04,0.04,0.04,0.04,0.04,0.04,0.04,0.04,0.04,0.04

20x33-1 2 2 1 1 2 1 2 2 1 2 2 1 2 1 2 2 1 2 2 1 2 1 1 2 2 2 1 1 1 2 2 2 2 2 1 2 1 2 2 1 2 1 1 2 1 1 2 2 2 2 1 2 2 1 2 2 1 2 1 2 2 2 2 2 1 1 2 2 1 2 1 2 2 1 2 2 1 2 2 1 2 1 2 1 2 1 2 1 2 2 1 2 2 1 1 2 2 2
64x17-2 2 2 1 2 1 1 2 2 1 2 2 2 2 1 2 1 1 2 2 2 2 2 2 2 1 2 1 1 1 2 2 1 2 2 1 2 1 2 2 1 2 1 2 2 1 1 2 1 2 2 2 2 2 2 2 2 1 2 2 1 2 2 2 2 1 1 2 1 2 2 1 2 2 2 2 1 1 2 2 2 2 2 2 2 2 1 2 2 1 2 1 2 2 1 2 2 2 1
42x16-3 2 2 1 1 1 2 2 2 1 1 2 2 2 1 1 2 1 2 2 2 2 1 1 2 2 2 1 1 1 2 2 2 2 1 1 2 1 1 2 1 2 1 2 1 1 2 2 2 2 2 2 2 2 1 1 2 1 2 2 2 2 2 2 2 1 1 2 2 1 2 2 1 2 2 1 1 1 2 2 2 2 2 2 2 2 1 2 1 2 2 1 2 1 1 1 2 2 2
13x51-4 2 2 2 1 2 2 2 2 1 2 1 2 2 1 1 2 1 2 2 2 2 1 1 2 1 2 2 2 1 2 2 2 2 2 2 1 1 1 2 1 2 2 2 1 1 2 2 2 1 2 2 2 2 1 2 1 1 2 2 2 2 2 2 2 1 1 2 2 2 2 1 2 1 2 1 2 1 2 1 2 2 1 2 1 2 1 2 1 2 2 2 2 2 1 2 1 2 1
26x66-5 2 2 2 1 1 1 2 2 1 2 2 1 2 1 2 1 1 2 2 2 2 2 1 2 1 2 1 1 1 2 1 2 2 2 1 2 1 2 2 1 2 1 2 2 1 1 2 2 2 2 1 2 2 2 1 2 1 1 2 1 2 2 2 2 1 1 2 2 2 2 1 2 2 2 1 1 1 2 2 2 2 1 2 2 2 1 2 1 1 2 1 2 1 1 2 1 2 1
46x11-6 2 2 2 1 1 2 2 2 1 2 1 1 2 2 2 1 1 2 2 2 2 1 1 2 2 2 2 1 1 2 1 2 2 2 2 2 1 1 2 1 1 1 2 2 1 1 2 1 2 2 2 2 2 1 2 2 1 2 1 2 2 2 2 2 1 1 2 2 2 2 1 2 2 2 2 1 1 2 2 2 2 1 2 1 2 1 2 1 2 2 1 2 1 1 2 1 2 1
55x23-7 2 2 1 1 2 2 2 2 1 1 2 1 2 1 1 2 1 2 2 1 2 1 2 2 1 2 2 1 1 2 1 2 2 2 2 1 1 2 2 2 2 1 1 1 1 1 2 2 2 2 2 2 2 2 1 2 1 1 2 2 2 2 2 2 1 1 2 1 2 2 2 1 1 1 2 1 1 1 1 2 2 2 2 1 2 1 2 1 1 2 1 2 2 1 2 1 2 1
48x23-8 2 2 1 1 1 2 2 2 1 1 2 2 2 1 1 2 1 2 2 2 2 2 2 2 1 2 1 2 1 2 2 1 2 1 2 1 1 2 2 1 2 1 1 1 1 2 2 1 2 2 2 2 2 1 2 2 1 1 2 2 2 2 2 2 1 1 2 1 2 2 1 1 2 2 1 1 1 2 2 2 2 1 2 2 2 1 2 1 1 2 2 2 2 1 1 1 2 1
16x18-9 2 2 1 1 1 2 2 2 1 2 1 2 2 1 1 2 1 2 2 1 2 2 1 2 1 2 2 1 1 1 2 2 2 2 1 2 1 1 2 1 2 1 1 1 1 2 2 2 2 2 2 2 2 2 1 2 1 1 2 2 2 1 2 1 2 1 1 1 1 2 1 1 2 2 2 1 1 2 1 2 2 1 2 1 2 1 2 1 2 2 1 2 2 1 2 2 2 1
16x47-10 2 1 2 1 2 2 2 2 1 1 2 1 2 1 2 2 1 2 2 2 2 1 1 2 2 2 1 1 1 2 2 1 2 2 1 1 1 1 2 2 2 1 2 1 1 2 2 1 2 2 1 2 2 2 1 2 1 2 2 2 2 1 2 1 1 1 2 2 2 2 2 1 2 1 2 1 2 1 1 2 2 1 2 1 2 1 2 2 2 2 2 2 1 1 2 2 2 1
56x52-11 2 2 1 1 2 1 2 2 1 2 1 1 2 1 2 2 1 2 2 2 2 1 1 2 1 1 1 1 1 2 2 1 2 2 2 1 1 1 2 2 2 1 2 1 2 2 2 1 2 2 1 2 2 2 2 2 1 2 2 2 2 1 2 2 1 1 1 1 1 2 2 2 2 2 1 2 1 1 2 2 2 1 1 2 2 1 2 1 1 2 2 1 1 1 2 2 2 1
64x3-12 2 2 1 1 1 2 2 2 1 2 1 2 2 1 2 2 1 2 2 1 2 1 1 2 1 2 1 1 1 1 2 2 2 2 1 2 1 1 2 2 2 1 2 1 1 1 2 1 1 2 2 2 2 2 2 2 1 2 2 1 2 1 2 2 1 1 2 2 1 2 1 1 2 1 2 1 1 2 2 2 2 2 1 2 2 1 2 2 1 2 1 2 1 1 1 1 2 1
5x45-13 2 2 1 2 1 1 1 2 1 2 1 2 2 1 1 2 1 2 2 1 2 1 1 2 2 2 2 2 1 2 2 2 2 2 2 1 1 1 2 2 2 1 1 1 1 2 2 1 1 1 1 2 2 2 2 2 1 2 2 2 2 1 2 2 2 1 1 1 2 2 1 1 2 2 2 1 1 2 2 2 2 1 1 1 2 1 2 1 1 2 1 2 1 1 1 2 2 2
47x52-14 2 2 2 1 1 2 2 2 1 2 2 1 2 1 2 2 1 2 2 1 2 2 1 2 2 2 1 1 1 1 1 2 2 2 2 1 1 1 2 2 2 2 2 1 1 2 2 1 2 2 1 2 2 2 1 2 1 2 1 2 2 2 2 1 1 1 2 1 1 2 2 1 2 1 2 1 1 1 1 2 2 1 1 2 2 1 2 2 1 2 2 1 2 1 2 2 2 2
55x58-15 2 2 2 1 1 2 2 2 1 2 2 1 2 1 2 2 1 2 2 1 2 1 1 2 1 2 2 2 1 2 1 2 2 1 1 1 1 2 2 1 2 2 2 2 1 1 2 1 2 2 2 2 1 2 2 2 1 2 2 1 2 2 2 2 1 1 2 2 1 2 2 2 2 2 2 1 1 1 2 2 2 1 2 2 1 1 2 1 2 2 2 2 1 1 1 1 2 1
42x27-16 2 2 2 1 1 2 2 2 1 2 2 1 2 1 1 2 1 2 2 2 2 1 1 2 2 1 1 1 1 2 2 2 2 2 1 2 1 1 2 1 2 1 2 1 1 2 2 2 2 2 2 2 2 1 1 2 1 2 2 2 2 1 2 2 1 1 2 2 1 2 1 2 2 2 1 1 1 2 1 2 2 1 2 1 1 1 2 2 1 2 1 2 1 1 1 1 2 2
56x62-17 2 2 1 1 2 1 2 2 1 2 1 1 2 2 2 2 1 2 2 2 2 1 1 2 1 1 2 2 1 2 1 1 2 2 2 2 1 1 2 2 2 2 1 1 1 2 2 2 2 2 1 2 2 2 2 1 1 2 2 1 2 2 2 1 2 1 2 2 2 2 1 1 2 2 2 2 1 2 2 2 2 1 1 2 1 2 2 1 1 2 2 2 1 1 2 1 2 2
14x66-18 2 2 1 2 1 2 2 2 1 2 2 1 2 1 2 2 1 2 2 1 2 2 1 2 2 2 2 1 1 2 2 2 2 2 2 1 1 2 2 1 2 1 2 2 1 1 2 2 2 2 1 2 2 1 2 2 1 2 2 2 2 2 2 2 1 1 2 1 1 2 1 2 2 2 2 1 1 2 2 2 2 2 2 1 1 1 2 2 1 2 1 1 2 1 2 2 2 2
21x5-19 2 2 1 2 1 2 2 2 1 2 1 2 2 1 1 1 1 2 2 2 2 1 2 2 1 2 1 1 1 2 2 2 2 2 1 1 1 2 2 1 2 2 1 1 1 2 2 2 2 2 2 1 2 2 1 2 1 2 2 2 2 1 2 2 1 1 2 1 1 2 2 1 2 2 2 1 1 2 1 2 2 1 1 2 2 1 2 1 1 2 2 2 1 1 2 2 2 1
24x53-20 2 2 1 2 1 2 2 2 1 2 2 1 2 1 2 1 1 2 2 1 2 2 1 2 1 2 2 1 1 2 2 2 2 1 2 1 1 1 2 1 2 1 2 2 1 1 2 2 2 2 2 2 1 2 1 2 1 1 2 2 2 2 2 2 1 1 2 2 1 2 1 2 2 2 2 1 1 2 1 2 2 1 1 1 2 1 1 1 2 2 2 1 1 1 2 2 2 1
31x26-21 2 2 1 1 1 2 2 2 1 2 2 1 2 1 2 1 2 2 2 1 2 2 1 2 1 2 2 2 1 1 1 1 2 2 2 1 1 2 2 1 2 1 1 1 2 1 2 1 2 2 2 2 2 2 2 2 1 1 2 1 2 2 2 2 2 1 2 2 2 2 1 2 2 2 2 1 1 2 1 2 2 1 2 1 2 1 2 1 2 2 2 2 2 1 1 2 2 1
41x10-22 2 2 1 1 1 1 2 2 1 1 2 1 2 2 2 2 1 2 2 1 2 2 2 2 1 2 1 1 1 2 1 1 2 2 1 2 1 2 2 2 2 1 2 1 1 2 2 1 2 2 2 2 2 2 2 2 1 1 1 2 2 1 2 1 2 1 2 1 2 2 1 2 1 2 2 1 1 2 1 2 2 1 2 2 1 1 2 2 1 2 1 2 1 1 1 1 2 2
48x52-23 2 2 1 1 2 1 2 2 1 2 2 1 2 1 1 2 1 2 2 2 2 2 1 2 1 2 2 1 1 1 1 2 2 2 2 1 1 2 2 1 2 1 1 1 2 2 2 1 2 2 2 2 2 1 2 2 1 2 2 2 2 2 2 2 1 1 2 2 1 2 1 2 2 2 1 1 1 1 2 2 2 2 1 1 2 1 2 1 1 2 2 2 2 1 2 2 2 1
47x22-24 2 2 1 1 2 2 2 2 1 2 2 2 2 1 2 1 2 1 2 1 2 1 1 2 2 2 2 1 1 2 2 2 2 2 1 1 1 1 2 1 2 1 1 1 1 2 2 1 2 2 1 2 2 2 2 2 1 1 2 1 2 2 2 1 2 1 2 1 2 2 1 2 2 2 1 2 1 1 1 2 2 1 1 1 1 1 2 1 1 2 2 2 2 1 2 2 2 1
22x46-25 2 2 1 1 2 2 2 2 1 2 1 1 2 1 1 1 1 1 2 2 2 1 1 2 2 2 1 1 1 2 1 2 2 2 1 2 1 1 2 1 2 2 2 1 1 2 2 1 2 2 2 2 2 2 1 2 1 1 2 2 2 2 2 2 2 1 2 2 1 2 2 2 2 2 2 1 1 2 1 2 2 1 2 1 2 1 2 1 2 2 1 1 2 1 2 1 2 1
13x10-26 2 1 1 1 2 2 2 2 1 1 1 2 2 1 1 2 1 2 2 1 2 2 2 2 1 2 1 2 1 2 2 1 2 2 2 1 1 1 2 1 2 1 1 2 1 1 2 1 2 2 1 2 2 2 2 1 1 2 2 2 2 2 2 2 1 1 2 2 1 2 1 2 2 2 1 1 1 2 2 2 2 2 2 2 1 1 2 2 2 2 1 2 1 1 2 1 2 1
33x4-27 2 2 2 1 2 2 2 2 1 2 1 1 2 1 1 1 1 2 2 2 2 1 1 2 1 2 1 1 1 2 1 1 2 2 1 1 1 1 2 1 2 2 1 1 1 1 2 2 2 2 1 2 2 2 1 2 1 2 2 2 2 2 2 1 2 1 2 2 2 2 1 2 2 2 2 1 1 2 1 2 2 1 2 1 2 1 2 2 2 2 2 2 2 1 2 1 2 1
17x31-28 2 2 1 1 1 1 2 2 1 2 2 1 2 1 2 1 1 2 2 1 2 1 1 2 2 2 1 1 1 2 1 2 2 2 1 1 1 2 2 1 2 1 2 2 1 1 2 1 2 2 1 2 2 2 1 2 1 2 2 1 2 2 2 2 2 1 1 1 2 2 2 2 2 2 2 1 1 2 2 2 2 1 2 1 2 1 2 1 1 2 2 2 2 1 2 2 2 1
64x53-29 2 2 1 1 2 2 2 2 1 2 2 2 2 1 2 1 1 2 2 2 2 1 1 2 1 2 1 1 1 2 1 2 2 2 2 2 1 1 2 2 2 1 2 1 1 1 2 2 2 2 2 2 1 1 2 2 1 2 2 1 2 2 2 2 1 1 2 2 2 2 1 2 2 2 1 1 1 2 1 2 2 2 2 1 1 1 2 2 2 2 1 1 2 1 1 2 2 1
36x42-30 2 2 1 1 2 2 2 2 1 2 1 1 2 1 2 2 1 2 2 1 2 1 1 2 1 2 1 1 1 2 2 2 2 2 1 1 1 1 2 1 2 1 2 1 1 2 2 2 2 2 2 2 2 1 2 2 1 2 2 2 2 1 2 2 1 1 2 1 2 2 2 1 2 2 1 2 1 2 1 2 2 1 2 1 2 1 2 1 2 2 1 2 2 1 1 2 2 1
3x6-31 2 2 1 1 1 2 2 2 1 2 2 1 2 1 2 1 1 2 2 2 2 1 1 2 1 2 1 2 1 1 2 2 2 1 1 2 1 1 2 2 2 1 1 2 1 2 2 1 2 2 1 2 2 2 2 2 1 2 2 2 2 1 2 2 2 1 2 2 2 2 2 2 2 2 2 1 1 2 2 2 2 2 1 2 2 1 1 2 1 2 2 2 1 1 2 1 2 2
60x8-32 2 2 1 1 2 1 2 2 1 2 2 1 2 1 1 1 1 2 2 2 2 2 2 2 1 2 1 1 1 2 1 2 2 2 2 2 1 1 2 1 2 1 2 1 1 2 2 1 2 2 2 2 2 1 2 2 1 2 2 1 2 2 2 2 2 1 1 1 2 2 1 2 2 2 2 1 1 1 2 2 2 1 2 1 2 1 2 1 2 2 2 1 2 1 2 2 2 1
54x21-33 2 1 2 1 1 1 2 2 1 2 2 2 2 1 1 2 1 2 2 1 2 1 2 2 2 2 2 1 1 2 2 2 2 1 1 1 1 2 2 1 2 1 1 1 1 2 2 2 2 2 2 2 2 2 2 2 1 2 1 2 2 2 2 2 2 1 2 1 1 2 1 2 2 2 2 1 1 2 1 2 2 1 1 2 2 1 2 1 1 2 2 1 2 1 2 2 2 1
59x34-34 2 2 1 1 1 1 2 2 1 2 1 1 2 2 2 1 1 2 2 2 2 1 1 2 2 2 1 2 1 1 1 1 2 2 1 2 1 2 2 1 2 1 1 1 1 2 2 1 2 2 2 2 1 2 2 2 1 2 1 1 2 2 2 1 2 1 2 1 2 2 2 2 2 2 2 1 1 2 2 2 2 2 2 1 2 1 2 1 1 2 1 2 1 1 2 2 2 1
34x53-35 2 2 1 1 1 1 2 2 1 2 1 1 2 1 1 1 1 2 2 2 2 1 1 2 2 2 1 1 1 1 2 2 2 2 1 1 1 1 2 2 2 1 2 1 1 1 2 1 2 1 2 2 1 2 2 2 1 2 2 2 2 2 2 1 1 1 2 2 1 2 1 2 2 2 2 2 1 2 1 2 2 2 2 1 1 1 2 2 1 2 1 2 1 1 1 2 2 2
63x51-36 2 2 2 1 1 2 2 2 1 2 2 2 2 1 2 2 1 2 2 2 2 1 1 2 2 2 2 1 1 2 1 2 2 2 2 1 1 1 2 1 2 1 2 1 1 2 2 2 2 2 1 2 2 2 2 1 1 2 2 2 2 2 2 2 1 1 2 2 2 2 1 2 1 2 1 1 1 2 2 2 2 2 2 2 2 1 2 1 1 2 2 2 2 1 1 1 2 1
20x66-37 2 2 1 1 1 1 2 1 2 2 2 1 2 1 1 2 1 2 2 2 2 1 1 2 1 2 2 1 1 2 1 2 2 2 1 1 1 2 2 2 2 2 2 1 1 1 2 2 2 2 1 2 2 1 2 2 1 2 1 2 2 2 2 2 2 1 2 2 2 2 2 1 2 2 2 1 1 2 2 1 2 1 2 1 2 1 2 2 1 2 1 2 1 1 2 2 2 2
24x21-38 2 2 1 1 2 2 2 2 1 2 2 1 2 1 2 2 1 2 2 1 2 1 1 2 1 2 2 2 1 2 2 1 2 1 1 1 1 2 2 1 2 1 1 1 2 1 2 2 2 2 2 2 2 2 1 2 1 1 2 2 2 1 2 2 1 1 2 1 2 2 2 1 2 2 2 1 2 2 1 2 2 2 1 2 2 2 2 2 1 2 1 1 1 1 2 2 2 1
12x3-39 2 2 1 1 2 2 2 2 1 2 1 1 2 1 2 2 1 2 2 2 2 1 2 2 1 2 2 2 1 2 2 1 2 1 1 1 1 1 2 1 2 1 1 2 1 2 2 1 2 1 2 1 2 2 2 2 1 2 2 2 2 1 2 1 2 1 2 1 2 2 2 2 2 2 2 1 1 2 1 1 2 1 1 2 1 1 2 2 1 2 1 2 1 1 2 2 2 1
63x20-40 2 2 1 1 2 2 2 1 1 2 2 1 2 1 1 2 2 2 2 1 2 2 1 2 2 2 2 1 1 2 1 2 2 2 1 2 1 2 2 1 2 1 2 2 1 1 2 2 2 2 2 2 2 1 2 2 1 2 1 2 2 2 2 2 1 1 1 2 2 2 2 1 2 1 2 1 1 2 2 2 2 2 2 1 2 1 2 2 2 2 1 2 2 1 1 2 2 1
37x3-41 2 2 1 1 2 2 2 2 1 2 1 1 2 1 2 2 1 2 2 2 2 1 1 2 1 2 1 2 1 1 1 2 2 1 1 2 1 1 2 1 2 2 1 2 1 2 2 1 2 1 2 2 2 2 2 2 1 2 2 1 2 1 2 1 1 1 2 2 2 2 2 1 2 2 1 2 1 2 2 2 2 1 1 1 2 1 1 2 1 2 1 2 1 1 2 1 2 1
26x11-42 2 2 1 1 1 2 2 2 1 2 2 1 2 1 2 1 1 2 2 2 2 1 2 2 1 2 2 1 1 2 2 2 2 2 2 1 1 1 2 1 1 1 1 1 1 1 2 2 2 2 2 2 2 2 2 2 1 1 2 2 2 2 2 2 1 1 2 1 2 2 1 2 2 2 2 1 1 2 2 2 2 1 2 1 1 1 2 1 2 2 2 2 2 1 1 1 2 1
53x1-43 2 1 1 2 2 1 1 2 1 2 2 1 1 1 2 2 1 2 1 2 2 1 2 1 2 2 2 1 1 2 2 2 1 2 1 2 1 1 1 2 2 1 2 1 1 1 1 2 2 2 2 2 2 1 2 2 1 2 2 2 1 2 2 2 2 1 2 2 1 1 1 2 2 2 2 1 2 2 1 2 1 1 2 2 2 1 2 2 2 1 2 1 2 1 2 2 1 1
63x47-44 2 1 2 1 1 2 2 2 1 2 2 1 2 1 2 1 1 2 2 1 2 1 1 2 2 2 1 1 1 2 2 2 2 2 2 1 1 1 2 1 2 1 2 1 2 2 2 1 2 2 2 2 2 2 2 1 1 2 2 1 2 2 2 1 1 1 1 2 2 2 1 2 2 1 2 1 1 2 2 2 2 1 2 1 2 1 2 2 1 2 2 2 1 1 2 1 2 2
64x9-45 2 2 1 1 2 1 2 2 1 2 2 1 2 1 2 2 1 2 2 1 2 1 2 2 1 2 1 2 1 1 2 1 2 2 2 2 1 1 2 1 2 2 2 1 1 1 2 2 2 1 2 2 1 1 2 2 1 2 2 1 2 2 2 2 1 1 2 2 2 2 1 2 2 2 2 1 1 2 2 2 2 1 1 2 2 1 2 2 1 2 2 2 2 1 2 1 2 1
55x7-46 2 2 2 1 1 2 1 2 1 1 2 1 2 1 2 2 1 2 2 2 2 2 1 2 1 2 2 2 1 2 1 2 2 1 2 1 1 2 2 2 2 1 1 1 1 1 2 2 2 1 2 1 2 2 1 2 1 2 2 2 2 2 2 2 1 1 2 1 2 2 1 1 2 2 2 1 1 2 2 2 2 1 2 2 2 1 2 1 1 2 2 2 2 1 2 1 2 1
50x17-47 2 2 1 2 1 1 2 2 1 1 2 2 2 1 2 2 1 2 2 1 2 2 1 2 1 2 1 1 1 2 2 2 2 2 2 1 1 2 2 2 2 1 2 1 1 1 2 1 2 2 1 2 2 2 2 2 1 1 2 2 2 2 2 2 1 1 1 1 2 2 2 2 2 2 1 1 1 2 2 2 2 1 2 1 1 1 2 2 1 2 1 1 1 1 2 2 2 1
37x13-48 2 2 2 1 2 2 2 2 1 1 2 2 2 1 1 1 1 2 2 2 2 1 1 2 1 2 1 2 1 2 1 2 2 1 1 1 1 2 2 1 2 2 2 1 1 2 2 1 1 2 1 2 2 2 1 1 1 2 1 1 2 2 2 2 2 1 2 2 2 2 2 1 2 2 1 2 1 2 2 2 2 2 2 1 1 1 2 1 2 2 1 2 2 1 2 1 2 1
61x29-49 2 1 1 2 2 1 2 2 1 2 2 1 2 1 1 1 1 2 2 1 2 2 1 2 1 2 2 2 1 2 1 2 2 2 2 1 1 2 2 1 2 1 2 1 1 1 2 1 2 2 2 2 2 1 2 2 1 1 2 2 2 1 2 2 1 1 2 1 2 2 1 2 1 1 1 1 1 2 1 2 2 1 2 1 2 1 2 2 1 2 2 2 2 1 2 2 2 2
21x48-50 2 2 1 2 1 1 2 2 1 2 2 1 2 1 1 2 1 2 2 1 2 1 2 2 1 2 1 2 1 1 1 2 2 2 1 1 1 2 2 2 2 1 1 1 1 2 2 2 2 2 2 2 2 2 2 2 1 1 1 2 2 2 2 2 2 1 2 1 2 2 1 2 2 2 1 1 1 2 1 2 2 1 1 1 2 1 2 2 1 2 2 1 2 1 1 2 2 1
21x48-51 2 2 1 1 1 2 2 2 1 2 2 1 2 1 1 2 1 2 2 2 2 1 1 2 1 2 2 1 1 2 2 2 2 1 1 2 1 1 2 2 2 1 1 1 1 2 2 2 2 2 2 2 2 2 1 2 1 2 1 2 2 2 2 2 1 1 2 1 2 2 2 2 2 2 2 1 1 2 1 2 2 2 1 1 2 1 2 1 2 2 2 1 2 1 2 2 2 1
17x31-52 2 2 2 1 2 2 2 2 1 2 2 1 2 1 2 1 1 2 2 1 2 1 1 2 2 2 1 1 1 2 2 2 2 2 2 1 1 2 2 1 2 1 1 1 1 2 2 1 2 2 2 2 2 2 1 2 1 2 2 1 2 1 2 2 1 1 1 2 2 2 2 2 2 2 2 1 1 2 2 2 2 2 2 1 2 1 2 1 1 2 2 1 2 1 1 2 2 1
13x10-53 2 2 1 1 2 2 2 2 1 1 2 1 2 1 1 2 1 2 2 1 2 2 2 2 1 2 1 1 1 2 1 2 2 2 2 1 1 2 2 1 2 1 2 1 1 2 2 2 1 2 2 2 2 1 2 1 1 2 2 1 2 2 2 2 1 1 2 2 1 2 2 2 1 2 2 1 1 2 2 2 2 1 2 2 1 1 2 1 2 2 1 2 2 1 2 2 2 1
48x52-54 2 2 1 1 2 1 2 2 1 2 2 2 2 1 1 2 1 2 2 1 2 1 2 2 1 2 1 2 1 2 1 2 2 2 1 1 1 2 2 2 2 1 1 1 2 2 2 1 2 1 2 2 2 1 2 2 1 2 2 2 2 2 2 2 1 1 2 1 2 2 1 1 2 2 2 1 1 2 2 2 2 1 2 2 2 1 2 1 1 2 2 2 2 1 2 1 2 1
21x5-55 2 2 1 1 1 2 2 2 1 2 1 1 2 2 2 2 1 2 2 2 2 1 1 2 2 2 1 1 1 2 2 2 2 2 1 1 1 2 2 1 2 1 1 1 1 2 2 2 1 1 2 2 2 1 1 2 1 2 1 2 2 2 2 2 2 1 2 2 1 2 2 2 2 2 2 2 1 2 1 2 2 1 1 2 2 1 2 2 1 2 1 1 2 1 2 2 2 1

0.0  0.0
0  0


0  0

0  0

0

0

0

0

0

0


!____________NOTE____________!

Input file outputNb50sim_55_37.dat generated by sampling_offspring.r code written by MA on 8/27/14, modified by MT 3/1/18
Generated by Matt on 2018-03-06 10:08:47
