'outputNb10sim_55_91'
'outputNb10sim_55_91'
55	! Number of offspring in the sample
98	! Number of loci
82909	! Seed for random number generator
1	! 0/1=Not updating/updating allele frequency
2	! 2/1=Dioecious/Monoecious species
1	! 0/1=Inbreeding absent/present
0	! 0/1=Diploid species/HaploDiploid species
0  0	! 0/1=Polygamy/Monogamy for males & females
0 ! 0/1 = Clone inference = No/Yes
1 ! 0/1=Scale full sibship=No/Yes
0	! 0/1/2/3=No sibship prior/Weak sibship prior/Medium sibship prior/Strong sibship prior
0	! 0/1=Unknown/Known population allele frequency
10	! Number of runs
2	! 1/2/3/4 = Short/Medium/Long/VeryLong run
0	! 0/1=Monitor method by Iterate#/Time in second
10000	! Monitor interval in Iterate# / in seconds
0	! 0/1=DOS/Windows version
1	! 0/1/2=Pair-Likelihood-Score(PLS)/Full-Likelihood(FL)/FL-PLS-combined(FPLS) method
2	! 0/1/2/3=Low/Medium/High/VeryHigh precision

Actm177i5,Actm177i3,Actm177i2,Actm177i1,Actm177i4,Atr1101i3,Atr1101i1,Atr1101i4,Atr1101i2,Actm2i5,Actm2i3,Actm2i2,Actm2i1,Actm2i4,Actm53i5,Actm53i3,Actm53i2,Actm53i6,Actm53i1,Actm53i4,Atr105i5,Atr105i3,Atr105i2,Atr105i1,Atr105i4,Actm110i8,Actm110i5,Actm110i3,Actm110i2,Actm110i9,Actm110i6,Actm110i7,Actm110i1,Actm110i4,As015i5,As015i3,As015i2,As015i6,As015i1,As015i4,Actm35i8,Actm35i5,Actm35i3,Actm35i2,Actm35i6,Actm35i7,Actm35i1,Actm35i4,Atr109i14,Atr109i12,Atr109i8,Atr109i11,Atr109i10,Atr109i5,Atr109i3,Atr109i13,Atr109i2,Atr109i9,Atr109i6,Atr109i7,Atr109i1,Atr109i4,Atr117i8,Atr117i5,Atr117i3,Atr117i2,Atr117i9,Atr117i6,Atr117i7,Atr117i1,Atr117i4,Actm52i8,Actm52i11,Actm52i10,Actm52i5,Actm52i3,Actm52i2,Actm52i9,Actm52i6,Actm52i7,Actm52i1,Actm52i4,Atr107i8,Atr107i5,Atr107i3,Atr107i2,Atr107i9,Atr107i6,Atr107i7,Atr107i1,Atr107i4,Atr1173i5,Atr1173i3,Atr1173i2,Atr1173i6,Atr1173i7,Atr1173i1,Atr1173i4
1,1,1,1,1,1,1,1,1,1,1,1,1,1,1,1,1,1,1,1,1,1,1,1,1,1,1,1,1,1,1,1,1,1,1,1,1,1,1,1,1,1,1,1,1,1,1,1,1,1,1,1,1,1,1,1,1,1,1,1,1,1,1,1,1,1,1,1,1,1,1,1,1,1,1,1,1,1,1,1,1,1,1,1,1,1,1,1,1,1,1,1,1,1,1,1,1,1
0.009,0.009,0.009,0.009,0.009,0.018,0.018,0.018,0.018,0.004,0.004,0.004,0.004,0.004,0.009,0.009,0.009,0.009,0.009,0.009,0.00001,0.00001,0.00001,0.00001,0.00001,0.017,0.017,0.017,0.017,0.017,0.017,0.017,0.009,0.009,0.009,0.009,0.009,0.009,0.009,0.009,0.014,0.014,0.014,0.014,0.014,0.014,0.014,0.014,0.009,0.009,0.009,0.009,0.009,0.009,0.009,0.009,0.009,0.009,0.009,0.009,0.009,0.009,0.00001,0.00001,0.00001,0.00001,0.00001,0.00001,0.00001,0.00001,0.00001,0.036,0.036,0.036,0.036,0.036,0.036,0.036,0.036,0.036,0.036,0.036,0.007,0.007,0.007,0.007,0.007,0.007,0.007,0.007,0.007,0.00001,0.00001,0.00001,0.00001,0.00001,0.00001,0.00001
0.04,0.04,0.04,0.04,0.04,0.04,0.04,0.04,0.04,0.04,0.04,0.04,0.04,0.04,0.04,0.04,0.04,0.04,0.04,0.04,0.04,0.04,0.04,0.04,0.04,0.04,0.04,0.04,0.04,0.04,0.04,0.04,0.04,0.04,0.04,0.04,0.04,0.04,0.04,0.04,0.04,0.04,0.04,0.04,0.04,0.04,0.04,0.04,0.04,0.04,0.04,0.04,0.04,0.04,0.04,0.04,0.04,0.04,0.04,0.04,0.04,0.04,0.04,0.04,0.04,0.04,0.04,0.04,0.04,0.04,0.04,0.04,0.04,0.04,0.04,0.04,0.04,0.04,0.04,0.04,0.04,0.04,0.04,0.04,0.04,0.04,0.04,0.04,0.04,0.04,0.04,0.04,0.04,0.04,0.04,0.04,0.04,0.04

20x33_1 2 2 1 1 2 1 2 2 1 2 2 1 2 1 2 2 1 2 2 1 2 1 1 2 2 2 1 1 1 2 2 2 2 2 1 2 1 2 2 1 2 1 1 2 1 1 2 2 2 2 1 2 2 1 2 2 1 2 1 2 2 2 2 2 1 1 2 2 1 2 1 2 2 1 2 2 1 2 2 1 2 1 2 1 2 1 2 1 2 2 1 2 2 1 1 2 2 2
20x33_2 2 2 1 1 1 2 2 1 1 2 2 1 2 1 1 2 1 2 2 2 2 1 1 2 2 2 1 1 1 2 1 2 2 1 1 1 1 2 2 2 2 1 1 1 1 2 2 2 2 2 1 2 2 1 2 2 1 2 2 1 2 2 2 2 1 1 2 2 2 2 1 1 2 1 2 2 1 2 2 1 2 1 2 1 2 1 2 2 2 2 1 2 1 1 1 2 2 1
20x33_3 2 2 2 1 1 1 2 1 1 2 2 1 2 1 1 2 1 2 2 2 2 1 1 2 2 2 1 1 1 2 2 2 2 1 1 2 1 2 2 1 2 2 2 1 1 1 2 2 2 2 1 2 2 1 2 2 1 2 2 1 2 2 2 2 1 1 2 2 1 2 2 1 2 2 2 1 1 2 2 2 2 2 2 1 2 1 2 1 2 2 1 2 2 1 1 2 2 1
20x33_4 2 2 2 1 1 2 2 2 1 2 2 1 2 1 2 2 1 2 2 1 2 1 1 2 2 2 2 1 1 2 1 2 2 1 1 1 1 2 2 1 2 1 2 1 1 1 2 2 2 2 1 2 2 2 2 2 1 2 2 1 2 2 2 1 1 1 2 2 1 2 1 2 2 1 2 1 1 2 2 1 2 1 2 1 2 1 2 2 2 2 1 2 2 1 1 2 2 1
20x33_5 2 2 1 1 1 1 2 2 1 2 2 1 2 1 1 2 2 2 2 1 2 2 1 2 1 2 1 2 1 2 1 2 2 2 1 1 1 2 2 1 2 2 1 1 1 1 2 2 2 2 1 2 2 1 2 2 1 2 2 2 2 2 2 1 1 1 2 2 2 2 2 1 2 1 2 2 1 2 2 2 2 1 2 1 2 1 2 1 2 2 1 2 1 1 1 2 2 2
20x33_6 2 2 2 1 2 1 2 2 1 2 2 1 2 1 1 2 1 2 2 2 2 1 1 2 1 2 1 1 1 2 1 2 2 2 1 1 1 2 2 1 2 1 1 2 1 1 2 2 2 2 1 2 2 1 2 2 1 2 1 2 2 2 2 2 1 1 2 2 2 2 1 1 2 1 2 1 1 2 2 2 2 1 2 1 2 1 2 1 2 2 1 2 2 1 2 2 2 1
20x33_7 2 2 2 1 2 1 2 2 1 2 2 1 2 1 1 2 1 2 2 1 2 1 1 2 1 2 1 2 1 2 1 2 2 2 1 1 1 2 2 2 2 1 2 1 1 1 2 2 2 2 1 2 2 1 2 2 1 2 2 1 2 2 2 2 1 1 2 2 2 2 1 2 2 1 2 1 1 2 2 2 2 1 2 1 2 1 2 1 2 2 2 2 1 1 1 2 2 1
20x33_8 2 2 1 1 2 1 2 1 1 2 2 1 2 1 2 2 1 2 2 1 2 1 1 2 2 2 1 2 1 2 1 2 2 2 1 1 1 2 2 1 2 1 2 1 1 1 2 2 2 2 1 2 2 2 2 2 1 2 2 2 2 2 2 1 1 1 2 2 2 2 1 1 2 1 2 2 1 2 2 1 2 1 2 1 2 1 2 1 2 2 1 2 1 1 2 2 2 1
63x20_9 2 2 2 1 1 2 2 1 1 2 2 1 2 1 2 1 1 2 2 1 2 1 1 2 2 2 1 1 1 2 2 1 2 1 1 2 1 2 2 1 2 1 2 1 1 2 2 1 2 2 2 2 2 1 1 1 1 2 2 2 2 2 2 2 1 1 2 2 2 2 2 2 2 1 2 1 1 2 2 1 2 2 2 1 2 1 2 1 2 2 2 2 1 1 1 2 2 1
63x20_10 2 2 1 1 2 1 2 1 1 2 2 1 2 1 1 2 1 2 2 1 2 1 1 2 2 2 1 1 2 2 1 2 2 1 1 1 1 2 2 2 2 1 2 1 2 1 2 1 2 2 1 2 2 2 1 2 1 2 1 2 2 2 2 2 2 1 2 1 2 2 1 1 2 1 2 1 1 2 2 2 2 1 2 1 2 1 2 2 2 2 2 2 1 1 1 2 2 2
63x20_11 2 2 1 1 2 1 2 1 1 2 2 2 2 1 2 1 1 2 2 1 2 1 1 2 2 2 1 1 1 2 1 1 2 1 1 2 1 2 2 1 2 1 2 1 1 1 2 2 2 2 2 2 2 2 2 1 1 2 1 2 2 2 2 2 1 1 2 1 2 2 1 1 2 1 2 1 1 2 2 2 2 2 2 1 2 1 2 2 2 2 1 2 1 1 1 2 2 1
63x20_12 2 2 1 1 2 2 2 1 1 2 2 1 2 1 1 2 2 2 2 1 2 2 1 2 2 2 2 1 1 2 1 2 2 2 1 2 1 2 2 1 2 1 2 2 1 1 2 2 2 2 2 2 2 1 2 2 1 2 1 2 2 2 2 2 1 1 1 2 2 2 2 1 2 1 2 1 1 2 2 2 2 2 2 1 2 1 2 2 2 2 1 2 2 1 1 2 2 1
63x20_13 2 2 1 1 2 1 2 1 1 2 2 1 2 1 1 1 2 2 2 1 2 1 1 2 2 2 2 2 1 2 1 1 2 1 1 1 1 1 2 1 2 1 2 1 1 2 2 2 2 2 1 2 2 1 2 1 1 2 1 2 2 2 2 2 1 1 1 1 2 2 1 2 2 1 2 1 1 2 2 1 2 2 2 1 2 2 2 1 2 2 1 2 1 1 2 2 2 2
63x20_14 2 2 1 1 2 1 2 1 1 2 2 1 2 1 2 1 1 2 2 2 2 1 1 2 2 2 1 1 1 2 2 2 2 2 1 1 1 2 2 1 2 1 2 1 1 1 2 2 2 2 1 2 2 2 2 1 1 2 1 2 2 2 2 2 2 1 2 1 2 2 2 2 2 1 2 2 1 2 2 1 2 1 2 1 2 1 2 1 2 2 2 2 2 1 1 2 2 1
63x20_15 2 2 2 1 1 1 2 1 2 2 2 1 2 1 1 1 1 2 2 2 2 2 1 2 2 2 1 2 1 2 1 2 2 1 1 2 1 2 2 1 2 1 2 2 1 2 2 1 2 2 2 2 2 2 1 2 1 2 1 2 2 2 2 2 2 1 1 2 2 2 1 2 2 2 2 1 1 2 2 1 2 2 2 1 2 1 2 2 2 2 2 2 1 1 2 1 2 1
63x20_16 2 2 2 1 2 1 2 1 2 2 2 1 2 1 1 1 1 2 2 2 2 2 1 2 2 2 2 1 1 2 1 1 2 2 2 2 1 2 2 1 2 1 2 1 1 2 2 2 2 2 2 2 2 2 2 1 1 2 2 2 2 2 2 2 1 1 1 1 2 2 1 1 2 1 2 2 1 2 2 2 2 2 2 1 2 1 2 1 2 2 1 2 2 1 2 2 2 2
63x51_17 2 2 1 1 2 2 2 2 1 2 2 1 2 1 2 2 1 2 2 2 2 1 1 2 2 2 1 1 1 2 2 2 2 2 1 2 1 1 2 1 2 1 2 1 1 2 2 1 2 2 1 2 2 2 2 1 1 2 2 2 2 2 2 2 1 1 2 1 2 2 1 2 1 2 2 1 1 2 2 1 2 2 2 1 2 2 2 1 1 2 2 2 2 1 2 1 2 1
63x51_18 2 2 2 1 2 2 2 2 1 2 2 1 2 1 2 2 1 2 2 2 2 2 1 2 2 2 1 1 1 1 1 1 2 2 2 1 1 1 2 2 2 1 2 1 1 2 2 2 2 2 1 2 2 2 1 2 1 2 2 2 2 2 2 2 1 1 1 2 2 2 1 2 1 2 1 2 1 2 2 1 2 1 2 2 2 1 2 1 2 2 2 2 1 1 1 2 2 2
63x51_19 2 2 2 1 2 2 2 1 1 2 2 1 2 1 2 2 1 2 2 1 2 1 1 2 2 2 2 2 1 1 2 1 2 2 2 1 1 1 2 1 2 1 2 1 1 2 2 1 2 2 1 2 2 2 2 1 1 2 2 2 2 2 2 2 1 1 1 2 2 2 1 2 2 2 2 1 1 2 1 2 2 2 2 1 2 1 2 2 1 2 2 2 2 1 2 1 2 1
63x51_20 2 2 2 1 1 2 2 2 1 2 2 2 2 1 2 2 1 2 2 2 2 1 1 2 2 2 2 1 1 2 1 2 2 2 2 1 1 1 2 1 2 1 2 1 1 2 2 2 2 2 1 2 2 2 2 1 1 2 2 2 2 2 2 2 1 1 2 2 2 2 1 2 1 2 1 1 1 2 2 2 2 2 2 2 2 1 2 1 1 2 2 2 2 1 1 1 2 1
13x51_21 2 1 2 1 2 2 2 2 1 2 2 1 2 1 2 2 1 2 2 1 2 1 1 2 1 2 1 2 1 1 2 1 2 2 2 1 1 1 2 2 2 2 2 1 1 1 2 2 2 2 1 2 2 2 2 1 1 2 2 2 2 2 2 2 1 1 2 2 2 2 2 2 1 2 1 2 1 2 2 2 2 2 2 2 1 1 2 1 2 2 2 2 2 1 1 1 2 2
13x51_22 2 2 2 1 2 2 2 2 1 2 2 1 2 1 2 2 1 2 2 2 2 1 1 2 2 2 2 2 1 2 2 2 2 2 2 1 1 1 2 1 2 1 2 1 1 1 2 2 2 2 1 2 2 2 2 1 1 2 2 2 2 2 2 2 1 1 2 2 2 2 2 2 2 2 1 1 1 2 1 2 2 1 2 2 2 1 2 1 2 2 1 2 1 1 2 2 2 1
13x51_23 2 1 2 1 2 2 2 2 1 2 2 2 2 1 2 2 1 2 2 2 2 1 2 2 1 2 1 1 1 2 1 2 2 2 1 1 1 2 2 2 2 2 2 1 1 2 2 2 1 2 2 2 2 2 2 2 1 2 2 1 2 2 2 2 1 1 2 2 2 2 1 2 1 2 2 2 1 2 1 2 2 1 2 2 1 1 2 1 1 2 1 2 2 1 1 1 2 1
13x51_24 2 1 2 1 2 2 2 2 1 2 2 2 2 1 1 2 1 2 2 2 2 1 1 2 2 2 1 2 1 1 2 2 2 2 2 2 1 1 2 2 2 2 2 1 1 1 2 2 2 2 1 2 2 2 2 2 1 2 2 1 2 2 2 2 2 1 2 2 2 2 1 2 1 2 1 2 1 2 2 2 2 1 2 1 2 1 2 1 1 2 1 2 1 1 1 1 2 1
20x66_25 2 2 1 1 2 2 2 1 1 2 2 1 2 1 1 2 1 2 2 2 2 2 1 2 2 2 1 1 1 1 1 2 2 1 1 1 1 2 2 2 2 1 2 1 1 2 2 2 2 2 2 2 2 2 2 2 1 2 2 1 2 2 2 2 1 1 2 2 2 2 1 1 2 1 2 1 1 2 2 1 2 1 2 2 2 1 2 2 1 2 1 2 1 1 1 2 2 2
20x66_26 2 2 2 1 1 1 2 1 1 2 2 2 2 1 2 2 1 2 2 2 2 1 1 2 2 2 2 2 1 1 1 2 2 2 1 1 1 2 2 1 2 1 2 1 2 1 2 2 2 2 1 2 2 2 2 2 1 2 2 2 2 2 2 2 1 1 2 2 2 2 1 1 2 1 2 1 1 2 2 2 2 1 2 1 2 1 2 2 1 2 1 2 1 1 1 2 2 2
20x66_27 2 2 1 1 1 1 2 1 1 2 2 1 2 1 2 2 1 2 2 1 2 2 1 2 2 2 2 2 1 1 1 2 2 1 1 1 1 2 2 1 2 2 2 1 1 1 2 2 2 2 1 2 2 1 2 2 1 2 1 2 2 2 2 2 1 1 2 2 2 2 1 2 2 1 2 1 1 2 2 1 2 1 2 1 2 1 2 2 1 2 1 1 1 1 2 2 2 2
20x66_28 2 2 2 1 2 1 2 1 1 2 2 1 2 1 2 2 1 2 2 2 2 1 1 2 2 2 1 2 1 2 2 2 2 1 1 1 1 2 2 2 2 1 2 1 1 1 2 2 2 2 1 2 2 2 2 2 1 2 1 2 2 2 2 2 2 1 2 2 2 2 1 1 2 1 2 1 1 2 2 1 2 2 2 2 2 1 2 2 1 2 1 1 1 1 1 2 2 2
20x66_29 2 2 1 1 2 1 2 2 1 2 2 2 2 1 2 2 1 2 2 2 2 2 1 2 2 2 2 1 1 2 1 2 2 1 1 2 1 2 2 1 2 1 2 1 1 1 2 2 2 2 1 2 2 1 2 2 1 2 2 2 2 2 2 2 1 1 2 2 2 2 2 2 2 2 2 1 1 2 2 1 2 1 2 1 2 1 2 2 1 2 1 2 1 1 2 2 2 2
20x66_30 2 2 2 1 1 2 2 2 1 2 2 1 2 1 2 2 1 2 2 1 2 1 1 2 1 2 1 1 1 2 1 2 2 2 1 1 1 2 2 2 2 2 2 1 1 2 2 2 2 2 1 2 2 2 2 2 1 2 1 2 2 2 2 2 1 1 2 2 2 2 2 2 2 1 2 1 1 2 2 2 2 1 2 2 2 1 2 2 1 2 1 2 1 1 2 2 2 2
20x66_31 2 2 1 1 1 2 2 1 1 2 2 1 2 1 2 2 1 2 2 1 2 1 1 2 1 2 1 1 1 1 1 2 2 2 1 1 1 2 2 2 2 1 2 2 1 1 2 2 2 2 2 2 2 1 2 2 1 2 2 1 2 2 2 2 1 1 2 2 2 2 1 2 2 1 2 1 1 2 2 2 2 1 2 1 2 1 2 2 1 2 1 2 1 1 1 2 2 2
20x66_32 2 2 1 1 2 1 2 1 1 2 2 1 2 1 1 2 1 2 2 1 2 1 1 2 2 2 2 1 1 2 1 2 2 1 1 1 1 2 2 1 2 1 2 1 1 1 2 2 2 2 1 2 2 2 2 2 1 2 2 2 2 2 2 2 1 1 2 2 2 2 2 2 2 2 2 1 1 2 2 2 2 2 2 1 2 1 2 2 1 2 1 1 1 1 1 2 2 2
14x66_33 2 2 1 1 2 2 2 1 1 2 2 1 2 1 1 2 1 2 2 2 2 1 1 2 2 2 2 1 1 2 2 2 2 2 1 2 1 2 2 1 2 2 2 1 1 2 2 1 2 2 2 2 2 2 2 2 1 2 2 2 2 2 2 2 1 1 2 2 1 2 2 2 2 2 1 1 1 2 2 2 2 2 2 1 2 1 2 2 1 2 1 1 1 1 1 2 2 1
14x66_34 2 2 1 1 1 2 2 2 1 2 2 1 2 1 2 2 1 2 2 2 2 1 1 2 2 2 1 2 1 2 2 2 2 2 1 1 1 2 2 1 2 2 2 1 1 1 2 2 2 2 1 2 2 1 2 2 1 2 1 2 2 2 2 2 1 1 2 1 2 2 1 2 2 2 2 1 1 2 2 2 2 1 2 1 2 1 2 2 1 2 1 1 1 1 2 1 2 1
14x66_35 2 2 1 2 1 2 2 2 1 2 2 1 2 1 2 2 1 2 2 1 2 2 1 2 2 2 2 1 1 2 2 2 2 2 2 1 1 2 2 1 2 1 2 2 1 1 2 2 2 2 1 2 2 1 2 2 1 2 2 2 2 2 2 2 1 1 2 1 1 2 1 2 2 2 2 1 1 2 2 2 2 2 2 1 1 1 2 2 1 2 1 1 2 1 2 2 2 2
14x66_36 2 2 1 1 1 1 2 2 1 2 2 1 2 1 2 2 1 2 2 2 2 1 2 2 1 2 1 1 1 1 2 2 2 2 1 2 1 2 2 1 2 2 2 1 1 1 2 1 2 2 1 2 2 1 2 2 1 2 2 2 2 2 2 2 2 1 2 1 2 2 2 2 2 2 2 1 1 2 2 2 2 1 2 1 1 1 2 2 2 2 2 1 1 2 1 2 2 1
14x66_37 2 2 1 1 1 2 2 1 1 2 2 1 2 1 1 2 1 2 2 2 2 2 1 2 2 2 1 1 1 2 2 2 2 2 1 2 1 2 2 1 2 1 2 1 1 1 2 2 2 2 1 2 2 1 2 2 1 2 1 2 2 2 2 2 1 1 2 2 1 2 1 2 2 2 1 1 1 2 2 2 2 1 2 2 1 1 2 2 1 2 1 2 1 1 1 2 2 1
14x66_38 2 2 1 1 2 1 2 2 1 2 2 1 2 1 2 2 1 2 2 1 2 1 1 2 2 2 1 1 1 1 2 2 2 2 1 1 1 2 2 1 2 2 2 1 1 1 2 2 2 2 2 2 2 2 2 2 1 2 2 1 2 2 2 2 2 1 2 2 2 2 1 2 2 2 2 1 1 2 2 2 2 1 2 1 1 1 2 2 1 2 2 2 1 1 1 2 2 1
14x66_39 2 2 2 1 2 1 2 2 1 2 2 1 2 1 1 2 1 2 2 1 2 1 1 2 1 2 1 1 1 1 2 2 2 2 1 2 1 2 2 1 2 2 2 1 1 1 2 1 2 2 1 2 2 1 2 2 1 2 1 2 2 2 2 2 1 1 2 2 1 2 2 2 2 2 1 2 1 2 2 2 2 1 2 1 1 1 2 2 1 2 1 1 1 1 1 2 2 2
14x66_40 2 2 2 1 1 1 2 2 1 2 2 1 2 1 2 2 1 2 2 2 2 1 1 2 2 2 1 1 1 2 1 2 2 2 1 1 1 2 2 1 2 1 2 1 1 1 2 1 2 2 2 2 2 2 2 2 1 2 2 2 2 2 2 2 1 1 2 1 2 2 2 2 2 2 1 1 1 2 2 2 2 1 2 1 1 1 2 2 1 2 1 1 2 1 1 1 2 2
33x4_41 2 2 2 1 2 2 2 2 1 1 2 1 2 1 2 2 1 2 2 2 2 2 1 2 1 2 2 1 1 2 2 2 2 2 2 1 1 2 2 1 2 1 2 2 1 1 2 1 1 2 1 2 2 2 2 1 1 2 1 1 2 2 2 2 2 1 2 2 1 2 1 2 2 2 2 1 1 2 1 2 2 1 2 2 2 1 2 1 2 2 2 2 1 1 1 1 2 1
33x4_42 2 2 1 1 2 2 2 2 1 2 2 1 2 1 1 2 1 2 2 2 2 1 1 2 2 2 1 1 1 2 2 1 2 1 1 2 1 1 2 2 2 2 2 1 1 1 2 2 2 2 1 2 2 2 1 2 1 2 2 1 2 2 2 2 2 1 2 2 2 2 1 1 2 2 2 2 1 2 2 2 2 1 2 1 2 1 2 1 2 2 2 2 2 1 2 1 2 1
33x4_43 2 2 1 1 1 1 2 2 1 2 2 1 2 1 1 1 1 2 2 2 2 1 1 2 1 2 1 2 1 2 1 2 2 1 1 2 1 2 2 1 2 2 1 1 1 1 2 2 2 2 2 2 2 2 2 2 1 2 2 2 2 2 2 1 1 1 2 2 1 2 2 1 2 2 2 2 1 2 1 2 2 1 2 1 2 1 2 1 2 2 2 2 1 1 2 1 2 1
33x4_44 2 2 1 1 1 1 2 2 1 2 2 1 2 1 1 2 1 2 2 2 2 1 1 2 1 2 1 1 1 2 1 2 2 1 1 2 1 2 2 1 2 2 1 1 1 1 2 2 2 2 1 2 2 2 1 2 1 2 2 1 2 2 2 1 2 1 2 2 1 2 2 2 2 2 2 1 1 2 1 2 2 1 2 1 2 1 2 2 2 2 2 2 1 1 2 1 2 1
33x4_45 2 2 2 1 2 2 2 2 1 2 1 1 2 1 1 1 1 2 2 2 2 1 1 2 1 2 1 1 1 2 1 1 2 2 1 1 1 1 2 1 2 2 1 1 1 1 2 2 2 2 1 2 2 2 1 2 1 2 2 2 2 2 2 1 2 1 2 2 2 2 1 2 2 2 2 1 1 2 1 2 2 1 2 1 2 1 2 2 2 2 2 2 2 1 2 1 2 1
33x4_46 2 2 1 1 1 2 2 2 1 2 2 1 2 1 2 2 1 2 2 1 2 1 2 2 1 2 1 1 1 2 1 2 2 2 1 2 1 2 2 1 2 2 2 1 1 1 2 2 2 2 1 2 2 2 2 2 1 2 2 1 2 2 2 2 2 1 2 2 2 2 2 1 2 2 2 1 1 2 2 2 2 1 2 2 2 1 2 1 2 2 2 2 2 1 2 1 2 2
33x4_47 2 2 1 1 1 2 2 2 1 2 1 1 2 1 1 1 1 2 2 2 2 1 2 2 2 2 1 2 1 2 1 2 2 1 1 2 1 2 2 1 2 2 1 1 2 1 2 2 2 2 2 2 2 2 2 2 1 2 2 2 2 2 2 2 1 1 2 2 1 2 2 1 2 2 2 2 1 2 1 2 2 1 2 1 2 1 2 1 2 2 2 2 2 1 2 1 2 1
33x4_48 2 2 1 2 1 2 2 2 1 2 1 1 2 1 1 2 1 2 2 2 2 2 1 2 1 2 1 2 1 2 2 2 2 1 1 2 1 1 2 2 2 2 1 1 1 1 2 2 2 2 1 2 2 2 2 2 1 2 2 2 2 2 2 1 1 1 2 2 2 2 2 1 2 2 2 2 1 2 1 2 2 1 2 1 2 1 2 1 2 2 2 2 2 1 2 1 2 1
63x47_49 2 1 2 1 1 2 2 2 1 2 2 1 2 1 2 1 1 2 2 1 2 1 1 2 2 2 1 1 1 2 2 2 2 2 2 1 1 1 2 1 2 1 2 1 2 2 2 1 2 2 2 2 2 2 2 1 1 2 2 1 2 2 2 1 1 1 1 2 2 2 1 2 2 1 2 1 1 2 2 2 2 1 2 1 2 1 2 2 1 2 2 2 1 1 2 1 2 2
63x47_50 2 2 1 1 2 2 2 2 1 2 2 1 2 1 2 1 1 2 2 2 2 1 1 2 2 2 1 2 1 2 1 2 2 2 1 1 1 1 2 1 2 1 2 1 1 2 2 2 2 2 1 2 2 2 1 1 1 2 2 1 2 2 2 1 2 1 1 2 2 2 2 2 2 2 1 1 1 2 2 1 2 1 2 1 2 1 2 1 2 2 2 2 2 1 1 2 2 1
63x47_51 2 1 2 1 2 1 2 2 1 2 2 2 2 1 2 1 1 2 2 2 2 2 1 2 2 2 2 1 1 2 2 2 2 2 2 1 1 1 2 1 2 1 2 1 1 2 2 1 2 2 1 2 2 2 1 2 1 2 2 2 2 2 1 2 1 1 1 2 2 2 1 2 2 2 1 2 1 1 2 1 2 1 2 1 2 1 2 1 1 2 2 2 2 1 2 1 2 1
63x47_52 2 1 1 1 2 1 2 2 1 2 2 1 2 1 2 2 1 2 2 1 2 2 1 2 2 2 1 1 1 2 2 1 2 2 1 1 1 1 2 1 2 1 2 1 1 2 2 1 2 2 1 2 2 2 1 1 1 2 2 2 2 2 1 2 1 1 1 2 2 2 2 2 2 2 2 2 1 1 1 1 2 2 1 1 2 1 2 1 1 2 2 2 2 1 2 1 2 2
63x47_53 2 2 1 1 2 2 2 1 1 2 2 2 2 1 2 1 1 2 2 1 2 1 1 2 2 2 1 1 1 2 2 2 2 2 1 1 1 1 2 2 2 1 2 1 1 2 2 1 2 2 1 2 2 2 1 2 1 2 2 2 2 2 2 1 2 1 2 1 2 2 2 2 2 2 2 1 1 2 2 2 2 2 1 1 2 1 2 2 1 2 2 2 1 1 1 1 2 1
63x47_54 2 2 1 1 1 2 2 2 1 2 2 1 2 1 2 1 1 2 2 1 2 1 1 2 2 2 1 1 1 2 1 2 2 2 2 1 1 1 2 1 2 1 2 1 1 2 2 1 2 2 2 2 2 2 1 2 1 2 2 1 2 2 2 1 2 1 2 1 2 2 1 2 2 1 2 1 1 2 1 2 2 2 2 1 2 1 2 1 1 2 2 2 2 1 2 1 2 1
63x47_55 2 1 1 1 1 2 2 1 1 2 2 2 2 1 2 1 1 2 2 1 2 1 1 2 2 2 1 2 1 2 1 1 2 2 2 1 1 1 2 1 2 1 2 1 1 2 2 1 2 2 1 2 2 2 1 1 1 2 2 1 2 2 1 1 2 1 2 1 2 2 2 2 2 1 1 1 1 2 2 2 2 1 2 1 2 1 2 1 1 2 2 2 1 1 2 2 2 1

0.0  0.0
0  0


0  0

0  0

0

0

0

0

0

0


!____________NOTE____________!

Input file outputNb10sim_55_91.dat generated by sampling_offspring.r code written by MA on 8/27/14, modified by MT 3/1/18
Generated by Matt on 2018-03-06 10:01:20
